# ['Data file recorded 2013/1/14  7:59:53']
# ['%  keyboard_telem with hall effect ']
# ['%  motorgains    = [300, 0, 300, 0, 50, 300, 0, 300, 0, 50]\r\n%  delta         = [16384', ' 16384', ' 16384', ' 16384]"']
# ['%  intervals     = [128, 128, 128, 128]']
# ['% Columns: ']
# ['% time | Rlegs | Llegs | DCR | DCL | GyroX | GryoY | GryoZ | GryoZAvg | AX | AY | AZ | RBEMF | LBEMF ']
0   6.16   6.35 1362 1213 0 0 0 0 0 0 0 0 0  
3   6.16   6.36 1343 1194 0 0 0 0 0 0 0 0 0  
6   6.16   6.36 1342 1212 0 0 0 0 0 0 0 0 0  
10   6.16   6.36 1362 1194 0 0 0 0 0 0 0 0 0  
13   6.16   6.35 1362 1195 0 0 0 0 0 0 0 0 0  
16   6.16   6.36 1343 1193 0 0 0 0 0 0 0 0 0  
20   6.16   6.36 1343 1194 0 0 0 0 0 0 0 0 0  
23   6.16   6.35 1361 1195 0 0 0 0 0 0 0 0 0  
26   6.16   6.36 1362 1194 0 0 0 0 0 0 0 0 0  
30   6.16   6.35 1343 1213 0 0 0 0 0 0 0 0 0  
33   6.16   6.35 1362 1214 0 0 0 0 0 0 0 0 0  
36   6.16   6.35 1361 1214 0 0 0 0 0 0 0 0 0  
40   6.16   6.36 1361 1194 0 0 0 0 0 0 0 0 0  
43   6.16   6.35 1343 1214 0 0 0 0 0 0 0 0 0  
46   6.16   6.36 1362 1193 0 0 0 0 0 0 0 0 0  
50   6.16   6.35 1361 1214 0 0 0 0 0 0 0 0 0  
53   6.16   6.35 1343 1213 0 0 0 0 0 0 0 0 0  
56   6.16   6.36 1343 1194 0 0 0 0 0 0 0 0 0  
60   6.16   6.35 1362 1213 0 0 0 0 0 0 0 0 0  
63   6.16   6.36 1343 1194 0 0 0 0 0 0 0 0 0  
66   6.16   6.36 1362 1194 0 0 0 0 0 0 0 0 0  
70   6.16   6.36 1362 1212 0 0 0 0 0 0 0 0 0  
73   6.16   6.35 1362 1195 0 0 0 0 0 0 0 0 0  
76   6.16   6.35 1362 1213 0 0 0 0 0 0 0 0 0  
80   6.16   6.35 1362 1213 0 0 0 0 0 0 0 0 0  
83   6.16   6.35 1362 1195 0 0 0 0 0 0 0 0 0  
86   6.16   6.36 1343 1212 0 0 0 0 0 0 0 0 0  
90   6.16   6.35 1344 1213 0 0 0 0 0 0 0 0 0  
93   6.16   6.35 1343 1195 0 0 0 0 0 0 0 0 0  
96   6.16   6.35 1343 1214 0 0 0 0 0 0 0 0 0  
100   6.16   6.35 1343 1214 -1 -1 -1 0 -1 -1 -1 0 0  
103   6.16   6.36 1343 1193 -1 -1 -1 0 -1 -1 -1 0 0  
106   6.16   6.36 1362 1194 -1 -1 -1 0 -1 -1 -1 0 0  
110   6.16   6.36 1362 1213 -1 -1 -1 0 -1 -1 -1 0 0  
113   6.16   6.35 1342 1213 -1 -1 -1 0 -1 -1 -1 0 0  
116   6.16   6.36 1344 1194 -1 -1 -1 0 -1 -1 -1 0 0  
120   6.16   6.35 1343 1214 -1 -1 -1 0 -1 -1 -1 0 0  
123   6.16   6.36 1343 1194 -1 -1 -1 0 -1 -1 -1 0 0  
126   6.16   6.35 1362 1214 -1 -1 -1 0 -1 -1 -1 0 0  
130   6.16   6.35 1362 1195 -1 -1 -1 0 -1 -1 -1 0 0  
133   6.16   6.36 1344 1194 -1 -1 -1 0 -1 -1 -1 0 0  
136   6.16   6.36 1363 1213 -1 -1 -1 0 -1 -1 -1 0 0  
140   6.16   6.36 1343 1213 -1 -1 -1 0 -1 -1 -1 0 0  
143   6.16   6.36 1343 1213 -1 -1 -1 0 -1 -1 -1 0 0  
146   6.16   6.36 1344 1195 -1 -1 -1 0 -1 -1 -1 0 0  
150   6.16   6.35 1344 1196 -1 -1 -1 0 -1 -1 -1 0 0  
153   6.16   6.36 1344 1195 -1 -1 -1 0 -1 -1 -1 0 0  
156   6.16   6.35 1344 1214 -1 -1 -1 0 -1 -1 -1 0 0  
160   6.16   6.35 1362 1215 0 0 0 0 0 0 0 0 0  
163   6.16   6.35 1363 1214 0 0 0 0 0 0 0 0 0  
166   6.16   6.35 1345 1215 0 0 0 0 0 0 0 0 0  
170   6.16   6.35 1345 1214 0 0 0 0 0 0 0 0 0  
173   6.16   6.35 1344 1215 0 0 0 0 0 0 0 0 0  
176   6.16   6.36 1344 1195 0 0 0 0 0 0 0 0 0  
180   6.16   6.36 1344 1196 0 0 0 0 0 0 0 0 0  
183   6.16   6.36 1345 1195 0 0 0 0 0 0 0 0 0  
186   6.16   6.35 1343 1196 0 0 0 0 0 0 0 0 0  
190   6.16   6.35 1362 1215 0 0 0 0 0 0 0 0 0  
193   6.16   6.35 1364 1197 0 0 0 0 0 0 0 0 0  
196   6.16   6.35 1344 1215 -1 -1 -1 0 -1 -1 -1 0 0  
200   6.16   6.35 1364 1215 -1 -1 -1 0 -1 -1 -1 0 0  
203   6.16   6.35 1344 1197 -1 -1 -1 0 -1 -1 -1 0 0  
206   6.16   6.35 1363 1197 -1 -1 -1 0 -1 -1 -1 0 0  
210   6.16   6.35 1344 1215 -1 -1 -1 0 -1 -1 -1 0 0  
213   6.16   6.36 1345 1215 -1 -1 -1 0 -1 -1 -1 0 0  
216   6.16   6.36 1345 1196 -1 -1 -1 0 -1 -1 -1 0 0  
220   6.16   6.36 1346 1197 -1 -1 -1 0 -1 -1 -1 0 0  
223   6.16   6.35 2562 2414 -1 -1 -1 0 -1 -1 -1 0 0  
226   6.19   6.38 2449 2376 -1 -1 -1 0 -1 -1 -1 0 0  
230   6.28   6.46 2373 2243 -1 -1 -1 0 -1 -1 -1 0 0  
233   6.48   6.60 2146 2054 -1 -1 -1 0 -1 -1 -1 0 0  
236   6.66   6.73 1940 1979 -1 -1 -1 0 -1 -1 -1 0 0  
240   6.83   6.85 1883 1942 -1 -1 -1 0 -1 -1 -1 0 0  
243   7.10   7.07 1680 1645 -1 -1 -1 0 -1 -1 -1 0 0  
246   7.33   7.23 1367 1517 -1 -1 -1 0 -1 -1 -1 0 0  
250   7.55   7.40 1297 1465 -1 -1 -1 0 -1 -1 -1 0 0  
253   7.81   7.61 1153 1302 -1 -1 -1 0 -1 -1 -1 0 0  
256   8.00   7.78 1008 1101 0 0 0 0 0 0 0 0 0  
260   8.22   7.92 692 1065 0 0 0 0 0 0 0 0 0  
263   8.44   8.12 575 917 0 0 0 0 0 0 0 0 0  
266   8.62   8.26 443 731 0 0 0 0 0 0 0 0 0  
270   8.77   8.36 422 806 0 0 0 0 0 0 0 0 0  
273   8.97   8.49 248 634 0 0 0 0 0 0 0 0 0  
276   9.07   8.57 172 630 0 0 0 0 0 0 0 0 0  
280   9.14   8.64 190 590 0 0 0 0 0 0 0 0 0  
283   9.19   8.72 245 513 0 0 0 0 0 0 0 0 0  
286   9.20   8.77 226 476 0 0 0 0 0 0 0 0 0  
290   9.20   8.82 224 455 0 0 0 0 0 0 0 0 0  
293   9.15   8.85 281 510 -1 -1 -1 0 -1 -1 -1 0 0  
296   9.10   8.87 376 493 -1 -1 -1 0 -1 -1 -1 0 0  
300   9.05   8.89 432 456 -1 -1 -1 0 -1 -1 -1 0 0  
303   9.00   8.89 374 458 -1 -1 -1 0 -1 -1 -1 0 0  
306   8.95   8.89 431 382 -1 -1 -1 0 -1 -1 -1 0 0  
310   8.92   8.87 452 477 -1 -1 -1 0 -1 -1 -1 0 0  
313   8.87   8.87 472 478 -1 -1 -1 0 -1 -1 -1 0 0  
316   8.85   8.86 510 498 -1 -1 -1 0 -1 -1 -1 0 0  
320   8.82   8.86 510 498 -1 -1 -1 0 -1 -1 -1 0 0  
323   8.82   8.87 510 478 -1 -1 -1 0 -1 -1 -1 0 0  
326   8.82   8.86 529 498 -1 -1 -1 0 -1 -1 -1 0 0  
330   8.80   8.87 604 497 -1 -1 -1 0 -1 -1 -1 0 0  
333   8.82   8.87 529 497 -1 -1 -1 0 -1 -1 -1 0 0  
336   8.82   8.87 510 479 -1 -1 -1 0 -1 -1 -1 0 0  
340   8.82   8.87 529 479 -1 -1 -1 0 -1 -1 -1 0 0  
343   8.82   8.87 530 479 -1 -1 -1 0 -1 -1 -1 0 0  
346   8.82   8.86 529 480 -1 -1 -1 0 -1 -1 -1 0 0  
350   8.82   8.86 454 480 -1 -1 -1 0 -1 -1 -1 0 0  
353   8.82   8.89 1727 1658 0 0 0 0 0 0 0 0 0  
356   8.87   8.92 1595 1637 0 0 0 0 0 0 0 0 0  
360   8.92   8.97 1557 1524 0 0 0 0 0 0 0 0 0  
363   9.03   9.05 1480 1465 0 0 0 0 0 0 0 0 0  
366   9.10   9.12 1422 1406 0 0 0 0 0 0 0 0 0  
370   9.18   9.20 1308 1349 0 0 0 0 0 0 0 0 0  
373   9.23   9.28 1399 1288 0 0 0 0 0 0 0 0 0  
376   9.30   9.37 1268 1138 0 0 0 0 0 0 0 0 0  
380   9.35   9.45 1230 1155 0 0 0 0 0 0 0 0 0  
383   9.38   9.58 1284 1059 0 0 0 0 0 0 0 0 0  
386   9.41   9.70 1265 888 0 0 0 0 0 0 0 0 0  
390   9.40   9.80 1283 812 -1 -1 -1 0 -1 -1 -1 0 0  
393   9.41   9.95 1283 698 -1 -1 -1 0 -1 -1 -1 0 0  
396   9.41  10.07 1263 605 -1 -1 -1 0 -1 -1 -1 0 0  
400   9.38  10.20 1377 509 -1 -1 -1 0 -1 -1 -1 0 0  
403   9.38  10.37 1300 398 -1 -1 -1 0 -1 -1 -1 0 0  
406   9.38  10.49 1302 285 -1 -1 -1 0 -1 -1 -1 0 0  
410   9.38  10.61 1284 286 -1 -1 -1 0 -1 -1 -1 0 0  
413   9.38  10.81 1285 64 -1 -1 -1 0 -1 -1 -1 0 0  
416   9.38  10.92 1305 -27 -1 -1 -1 0 -1 -1 -1 0 0  
420   9.38  11.05 1305 -63 -1 -1 -1 0 -1 -1 -1 0 0  
423   9.37  11.21 1290 -265 -1 -1 -1 0 -1 -1 -1 0 0  
426   9.40  11.36 1272 -356 -1 -1 -1 0 -1 -1 -1 0 0  
430   9.40  11.48 1291 -466 -1 -1 -1 0 -1 -1 -1 0 0  
433   9.39  11.62 1275 -578 -1 -1 -1 0 -1 -1 -1 0 0  
436   9.39  11.69 1294 -557 -1 -1 -1 0 -1 -1 -1 0 0  
440   9.39  11.79 1276 -631 -1 -1 -1 0 -1 -1 -1 0 0  
443   9.39  11.89 1277 -708 -1 -1 -1 0 -1 -1 -1 0 0  
446   9.39  11.94 1279 -651 -1 -1 -1 0 -1 -1 -1 0 0  
450   9.39  11.99 1279 -689 0 0 0 0 0 0 0 0 0  
453   9.39  12.04 1280 -821 0 0 0 0 0 0 0 0 0  
456   9.39  12.04 1281 -745 0 0 0 0 0 0 0 0 0  
460   9.39  12.04 1299 -745 0 0 0 0 0 0 0 0 0  
463   9.39  12.01 1281 -725 0 0 0 0 0 0 0 0 0  
466   9.39  11.99 1299 -630 0 0 0 0 0 0 0 0 0  
470   9.39  11.99 1281 -687 0 0 0 0 0 0 0 0 0  
473   9.39  11.94 1298 -574 0 0 0 0 0 0 0 0 0  
476   9.39  11.91 1299 -555 0 0 0 0 0 0 0 0 0  
480   9.39  11.89 2477 643 0 0 0 0 0 0 0 0 0  
483   9.41  11.89 2477 568 0 0 0 0 0 0 0 0 0  
486   9.46  11.91 2367 549 -1 -1 -1 0 -1 -1 -1 0 0  
490   9.51  11.94 2312 530 -1 -1 -1 0 -1 -1 -1 0 0  
493   9.60  11.99 2240 510 -1 -1 -1 0 -1 -1 -1 0 0  
496   9.70  12.06 2091 381 -1 -1 -1 0 -1 -1 -1 0 0  
500   9.77  12.11 2130 345 -1 -1 -1 0 -1 -1 -1 0 0  
503   9.91  12.18 2003 291 -1 -1 -1 0 -1 -1 -1 0 0  
506  10.01  12.22 1871 330 -1 -1 -1 0 -1 -1 -1 0 0  
510  10.13  12.29 1760 202 -1 -1 -1 0 -1 -1 -1 0 0  
513  10.35  12.37 1591 128 -1 -1 -1 0 -1 -1 -1 0 0  
516  10.50  12.41 1401 166 -1 -1 -1 0 -1 -1 -1 0 0  
520  10.70  12.46 1270 147 -1 -1 -1 0 -1 -1 -1 0 0  
523  10.99  12.52 1045 88 -1 -1 -1 0 -1 -1 -1 0 0  
526  11.23  12.57 845 -26 -1 -1 -1 0 -1 -1 -1 0 0  
530  11.44  12.60 763 -47 -1 -1 -1 0 -1 -1 -1 0 0  
533  11.76  12.60 438 22 -1 -1 -1 0 -1 -1 -1 0 0  
536  11.99  12.63 340 -74 -1 -1 -1 0 -1 -1 -1 0 0  
540  12.21  12.59 213 185 -1 -1 -1 0 -1 -1 -1 0 0  
543  12.49  12.59 -62 33 -1 -1 -1 0 -1 -1 -1 0 0  
546  12.69  12.59 -195 31 0 0 0 0 0 0 0 0 0  
550  12.89  12.59 -421 30 0 0 0 0 0 0 0 0 0  
553  13.08  12.59 -494 30 0 0 0 0 0 0 0 0 0  
556  13.23  12.57 -610 47 0 0 0 0 0 0 0 0 0  
560  13.34  12.57 -613 49 0 0 0 0 0 0 0 0 0  
563  13.43  12.57 -684 68 0 0 0 0 0 0 0 0 0  
566  13.48  12.57 -629 49 0 0 0 0 0 0 0 0 0  
570  13.50  12.57 -665 69 0 0 0 0 0 0 0 0 0  
573  13.51  12.57 -667 48 0 0 0 0 0 0 0 0 0  
576  13.48  12.57 -572 48 0 0 0 0 0 0 0 0 0  
580  13.43  12.57 -534 48 0 0 0 0 0 0 0 0 0  
583  13.38  12.57 -498 48 -1 -1 -1 0 -1 -1 -1 0 0  
586  13.33  12.57 -442 67 -1 -1 -1 0 -1 -1 -1 0 0  
590  13.24  12.57 -386 68 -1 -1 -1 0 -1 -1 -1 0 0  
593  13.19  12.57 -348 49 -1 -1 -1 0 -1 -1 -1 0 0  
596  13.12  12.57 -293 67 -1 -1 -1 0 -1 -1 -1 0 0  
600  13.02  12.57 -142 69 -1 -1 -1 0 -1 -1 -1 0 0  
603  12.97  12.59 -160 30 -1 -1 -1 0 -1 -1 -1 0 0  
606  12.89  12.59 1095 1247 -1 -1 -1 0 -1 -1 -1 0 0  
610  12.79  12.59 1153 1248 -1 -1 -1 0 -1 -1 -1 0 0  
613  12.74  12.59 1209 1229 -1 -1 -1 0 -1 -1 -1 0 0  
616  12.69  12.59 1172 1230 -1 -1 -1 0 -1 -1 -1 0 0  
620  12.62  12.59 1304 1250 -1 -1 -1 0 -1 -1 -1 0 0  
623  12.59  12.59 1248 1250 -1 -1 -1 0 -1 -1 -1 0 0  
626  12.54  12.59 1361 1232 -1 -1 -1 0 -1 -1 -1 0 0  
630  12.52  12.59 1286 1231 -1 -1 -1 0 -1 -1 -1 0 0  
633  12.49  12.59 1305 1251 -1 -1 -1 0 -1 -1 -1 0 0  
636  12.47  12.59 1324 1251 -1 -1 -1 0 -1 -1 -1 0 0  
640  12.47  12.59 1323 1233 -1 -1 -1 0 -1 -1 -1 0 0  
643  12.47  12.59 1343 1251 0 0 0 0 0 0 0 0 0  
646  12.47  12.59 1324 1233 0 0 0 0 0 0 0 0 0  
650  12.47  12.59 1325 1231 0 0 0 0 0 0 0 0 0  
653  12.47  12.59 1342 1252 0 0 0 0 0 0 0 0 0  
656  12.47  12.59 1344 1250 0 0 0 0 0 0 0 0 0  
660  12.47  12.59 1344 1232 0 0 0 0 0 0 0 0 0  
663  12.47  12.59 1342 1233 0 0 0 0 0 0 0 0 0  
666  12.47  12.59 1343 1232 0 0 0 0 0 0 0 0 0  
670  12.47  12.59 1325 1250 0 0 0 0 0 0 0 0 0  
673  12.47  12.59 1323 1233 0 0 0 0 0 0 0 0 0  
676  12.47  12.59 1324 1232 0 0 0 0 0 0 0 0 0  
680  12.47  12.59 1343 1234 -1 -1 -1 0 -1 -1 -1 0 0  
683  12.47  12.59 1325 1251 -1 -1 -1 0 -1 -1 -1 0 0  
686  12.47  12.59 1343 1251 -1 -1 -1 0 -1 -1 -1 0 0  
690  12.47  12.59 1324 1251 -1 -1 -1 0 -1 -1 -1 0 0  
693  12.47  12.59 1343 1232 -1 -1 -1 0 -1 -1 -1 0 0  
696  12.47  12.59 1324 1252 -1 -1 -1 0 -1 -1 -1 0 0  
700  12.47  12.59 1326 1253 -1 -1 -1 0 -1 -1 -1 0 0  
703  12.47  12.59 1325 1251 -1 -1 -1 0 -1 -1 -1 0 0  
706  12.47  12.59 1323 1251 -1 -1 -1 0 -1 -1 -1 0 0  
710  12.47  12.59 1342 1232 -1 -1 -1 0 -1 -1 -1 0 0  
713  12.47  12.59 1324 1233 -1 -1 -1 0 -1 -1 -1 0 0  
716  12.47  12.59 1343 1232 -1 -1 -1 0 -1 -1 -1 0 0  
720  12.47  12.59 1323 1251 -1 -1 -1 0 -1 -1 -1 0 0  
723  12.47  12.59 1344 1251 -1 -1 -1 0 -1 -1 -1 0 0  
726  12.47  12.59 1324 1251 -1 -1 -1 0 -1 -1 -1 0 0  
730  12.47  12.59 1324 1251 -1 -1 -1 0 -1 -1 -1 0 0  
733  12.47  12.59 1324 1251 -1 -1 -1 0 -1 -1 -1 0 0  
736  12.47  12.59 1325 1232 -1 -1 -1 0 -1 -1 -1 0 0  
740  12.47  12.59 1343 1251 0 0 0 0 0 0 0 0 0  
743  12.47  12.59 1324 1251 0 0 0 0 0 0 0 0 0  
746  12.47  12.59 1324 1231 0 0 0 0 0 0 0 0 0  
750  12.47  12.59 1324 1233 0 0 0 0 0 0 0 0 0  
753  12.47  12.59 1324 1233 0 0 0 0 0 0 0 0 0  
756  12.47  12.59 1343 1252 0 0 0 0 0 0 0 0 0  
760  12.47  12.59 1343 1233 0 0 0 0 0 0 0 0 0  
763  12.47  12.59 1325 1232 0 0 0 0 0 0 0 0 0  
766  12.47  12.59 1341 1251 0 0 0 0 0 0 0 0 0  
770  12.47  12.59 1325 1232 0 0 0 0 0 0 0 0 0  
773  12.47  12.59 1323 1232 0 0 0 0 0 0 0 0 0  
776  12.47  12.59 1343 1232 -1 -1 -1 0 -1 -1 -1 0 0  
780  12.47  12.59 1323 1251 -1 -1 -1 0 -1 -1 -1 0 0  
783  12.47  12.59 1342 1251 -1 -1 -1 0 -1 -1 -1 0 0  
786  12.47  12.59 1342 1233 -1 -1 -1 0 -1 -1 -1 0 0  
790  12.47  12.59 1343 1233 -1 -1 -1 0 -1 -1 -1 0 0  
793  12.47  12.59 1324 1232 -1 -1 -1 0 -1 -1 -1 0 0  
796  12.47  12.59 1324 1232 -1 -1 -1 0 -1 -1 -1 0 0  
800  12.47  12.59 1324 1251 -1 -1 -1 0 -1 -1 -1 0 0  
803  12.47  12.59 1343 1232 -1 -1 -1 0 -1 -1 -1 0 0  
806  12.47  12.59 1323 1251 -1 -1 -1 0 -1 -1 -1 0 0  
810  12.47  12.59 1323 1233 -1 -1 -1 0 -1 -1 -1 0 0  
813  12.47  12.59 1342 1251 -1 -1 -1 0 -1 -1 -1 0 0  
816  12.47  12.59 1323 1232 -1 -1 -1 0 -1 -1 -1 0 0  
820  12.47  12.59 1324 1232 -1 -1 -1 0 -1 -1 -1 0 0  
823  12.47  12.59 1343 1231 -1 -1 -1 0 -1 -1 -1 0 0  
826  12.47  12.59 1325 1233 -1 -1 -1 0 -1 -1 -1 0 0  
830  12.47  12.59 1343 1252 -1 -1 -1 0 -1 -1 -1 0 0  
833  12.47  12.59 1324 1233 -1 -1 -1 0 -1 -1 -1 0 0  
836  12.47  12.59 1343 1233 0 0 0 0 0 0 0 0 0  
840  12.47  12.59 1343 1233 0 0 0 0 0 0 0 0 0  
843  12.47  12.59 1343 1250 0 0 0 0 0 0 0 0 0  
846  12.47  12.59 1325 1232 0 0 0 0 0 0 0 0 0  
850  12.47  12.59 1325 1232 0 0 0 0 0 0 0 0 0  
853  12.47  12.59 1343 1233 0 0 0 0 0 0 0 0 0  
856  12.47  12.59 1342 1232 0 0 0 0 0 0 0 0 0  
860  12.47  12.59 1343 1233 0 0 0 0 0 0 0 0 0  
863  12.47  12.59 1324 1251 0 0 0 0 0 0 0 0 0  
866  12.47  12.59 1323 1251 0 0 0 0 0 0 0 0 0  
870  12.47  12.59 1324 1232 0 0 0 0 0 0 0 0 0  
873  12.47  12.59 1343 1251 -1 -1 -1 0 -1 -1 -1 0 0  
876  12.47  12.59 1343 1233 -1 -1 -1 0 -1 -1 -1 0 0  
880  12.47  12.59 1343 1251 -1 -1 -1 0 -1 -1 -1 0 0  
883  12.47  12.59 1324 1251 -1 -1 -1 0 -1 -1 -1 0 0  
886  12.47  12.59 1323 1233 -1 -1 -1 0 -1 -1 -1 0 0  
890  12.47  12.59 1325 1251 -1 -1 -1 0 -1 -1 -1 0 0  
893  12.47  12.59 1325 1251 -1 -1 -1 0 -1 -1 -1 0 0  
896  12.47  12.59 1344 1232 -1 -1 -1 0 -1 -1 -1 0 0  
900  12.47  12.59 1343 1232 -1 -1 -1 0 -1 -1 -1 0 0  
903  12.47  12.59 1324 1232 -1 -1 -1 0 -1 -1 -1 0 0  
906  12.47  12.59 1343 1232 -1 -1 -1 0 -1 -1 -1 0 0  
910  12.47  12.59 1343 1232 -1 -1 -1 0 -1 -1 -1 0 0  
913  12.47  12.59 1344 1233 -1 -1 -1 0 -1 -1 -1 0 0  
916  12.47  12.59 1343 1232 -1 -1 -1 0 -1 -1 -1 0 0  
920  12.47  12.59 1341 1233 -1 -1 -1 0 -1 -1 -1 0 0  
923  12.47  12.59 1324 1251 -1 -1 -1 0 -1 -1 -1 0 0  
926  12.47  12.59 1324 1251 -1 -1 -1 0 -1 -1 -1 0 0  
930  12.47  12.59 1324 1252 -1 -1 -1 0 -1 -1 -1 0 0  
933  12.47  12.59 1325 1233 0 0 0 0 0 0 0 0 0  
936  12.47  12.59 1324 1232 0 0 0 0 0 0 0 0 0  
940  12.47  12.59 1342 1232 0 0 0 0 0 0 0 0 0  
943  12.47  12.59 1324 1251 0 0 0 0 0 0 0 0 0  
946  12.47  12.59 1323 1251 0 0 0 0 0 0 0 0 0  
950  12.47  12.59 1325 1233 0 0 0 0 0 0 0 0 0  
953  12.47  12.59 1343 1251 0 0 0 0 0 0 0 0 0  
956  12.47  12.59 1343 1233 0 0 0 0 0 0 0 0 0  
960  12.47  12.59 1323 1251 0 0 0 0 0 0 0 0 0  
963  12.47  12.59 1343 1251 0 0 0 0 0 0 0 0 0  
966  12.47  12.59 1324 1231 0 0 0 0 0 0 0 0 0  
970  12.47  12.59 1343 1233 -1 -1 -1 0 -1 -1 -1 0 0  
973  12.47  12.59 1324 1233 -1 -1 -1 0 -1 -1 -1 0 0  
976  12.47  12.59 1324 1231 -1 -1 -1 0 -1 -1 -1 0 0  
980  12.47  12.59 1343 1251 -1 -1 -1 0 -1 -1 -1 0 0  
983  12.47  12.59 1324 1232 -1 -1 -1 0 -1 -1 -1 0 0  
986  12.47  12.59 1325 1251 -1 -1 -1 0 -1 -1 -1 0 0  
990  12.47  12.59 1324 1233 -1 -1 -1 0 -1 -1 -1 0 0  
993  12.47  12.59 1323 1252 -1 -1 -1 0 -1 -1 -1 0 0  
996  12.47  12.59 1324 1251 -1 -1 -1 0 -1 -1 -1 0 0  
